Datum       Menge   Preis/t     Gesamtpreis   Sack   Preis/t   Gesamtpreis_Sack
03.02.2026   3000    394.10         1300.37
05.02.2026   3000    394.10         1300.37
07.02.2026   3000    398.54         1314.62
09.02.2026   3000    398.54         1314.62
10.02.2026   3000    398.54         1314.62      3    419.69            1313.53
14.02.2026   3000    395.59         1305.15      3    419.69            1313.53
18.02.2026   3000    381.59         1260.21      3    419.69            1313.53
22.02.2026   3000    377.05         1245.64      3    419.69            1313.53
25.02.2026   3000    375.38         1240.28      3    419.69            1313.53
05.03.2026   3000    370.05         1223.17      3    392.12            1227.25
